
Red team BaselineAgents with {'first': 'keys'}:
Loading Team: BaselineAgents
Arguments: {'second': 'defense', 'first': 'keys'}
Partners: ['Berkeley Staff']
Agent Factory: BaselineAgents.baselineAgents.BaselineAgents
Namespace:  BaselineAgents.baselineAgents
Agent:  BaselineAgents

Blue team Mayonnaise with {}:
Loading Team: Mayonnaise
Arguments: {'second': 'defense', 'first': 'offense'}
Partners: ['Shun Zhang']
Agent Factory: Mayonnaise.agents.Mayonnaise
Namespace:  Mayonnaise.agents
Agent:  Mayonnaise
Blue team starts
(11, 1)
{(1, 1): 0.031914893617021274,
 (1, 2): 0.031914893617021274,
 (1, 3): 0.0425531914893617,
 (1, 4): 0.031914893617021274,
 (1, 5): 0.031914893617021274,
 (2, 1): 0.031914893617021274,
 (2, 3): 0.031914893617021274,
 (2, 5): 0.031914893617021274,
 (3, 1): 0.031914893617021274,
 (3, 3): 0.031914893617021274,
 (3, 5): 0.031914893617021274,
 (4, 1): 0.031914893617021274,
 (4, 3): 0.0425531914893617,
 (4, 4): 0.031914893617021274,
 (4, 5): 0.0425531914893617,
 (5, 1): 0.031914893617021274,
 (5, 3): 0.031914893617021274,
 (5, 5): 0.031914893617021274,
 (6, 1): 0.031914893617021274,
 (6, 3): 0.0425531914893617,
 (6, 4): 0.031914893617021274,
 (6, 5): 0.0425531914893617,
 (7, 1): 0.031914893617021274,
 (7, 3): 0.031914893617021274,
 (7, 5): 0.031914893617021274,
 (8, 1): 0.02127659574468085,
 (8, 3): 0.031914893617021274,
 (8, 5): 0.031914893617021274,
 (9, 3): 0.02127659574468085,
 (9, 5): 0.02127659574468085,
 (10, 3): 0.010638297872340425,
 (10, 5): 0.010638297872340425,
 (11, 1): 0.0,
 (11, 3): 0.0,
 (11, 5): 0.0,
 (12, 1): 0.0,
 (12, 3): 0.0,
 (12, 5): 0.0,
 (13, 1): 0.0,
 (13, 3): 0.0,
 (13, 4): 0.0,
 (13, 5): 0.0,
 (14, 1): 0.0,
 (14, 3): 0.0,
 (14, 5): 0.0,
 (15, 1): 0.0,
 (15, 3): 0.0,
 (15, 4): 0.0,
 (15, 5): 0.0,
 (16, 1): 0.0,
 (16, 3): 0.0,
 (16, 5): 0.0,
 (17, 1): 0.0,
 (17, 3): 0.0,
 (17, 5): 0.0,
 (18, 1): 0.0,
 (18, 2): 0.0,
 (18, 3): 0.0,
 (18, 4): 0.0,
 (18, 5): 0.0}
(12.0, 1.0)
{(1, 1): 0.0,
 (1, 2): 0.0,
 (1, 3): 0.0,
 (1, 4): 0.0,
 (1, 5): 0.0,
 (2, 1): 0.0,
 (2, 3): 0.0,
 (2, 5): 0.0,
 (3, 1): 0.0,
 (3, 3): 0.0,
 (3, 5): 0.0,
 (4, 1): 0.0,
 (4, 3): 0.0,
 (4, 4): 0.0,
 (4, 5): 0.0,
 (5, 1): 0.0,
 (5, 3): 0.0,
 (5, 5): 0.0,
 (6, 1): 0.0,
 (6, 3): 0.0,
 (6, 4): 0.0,
 (6, 5): 0.0,
 (7, 1): 0.5,
 (7, 3): 0.0,
 (7, 5): 0.0,
 (8, 1): 0.5,
 (8, 3): 0.0,
 (8, 5): 0.0,
 (9, 3): 0.0,
 (9, 5): 0.0,
 (10, 3): 0.0,
 (10, 5): 0.0,
 (11, 1): 0.0,
 (11, 3): 0.0,
 (11, 5): 0.0,
 (12, 1): 0.0,
 (12, 3): 0.0,
 (12, 5): 0.0,
 (13, 1): 0.0,
 (13, 3): 0.0,
 (13, 4): 0.0,
 (13, 5): 0.0,
 (14, 1): 0.0,
 (14, 3): 0.0,
 (14, 5): 0.0,
 (15, 1): 0.0,
 (15, 3): 0.0,
 (15, 4): 0.0,
 (15, 5): 0.0,
 (16, 1): 0.0,
 (16, 3): 0.0,
 (16, 5): 0.0,
 (17, 1): 0.0,
 (17, 3): 0.0,
 (17, 5): 0.0,
 (18, 1): 0.0,
 (18, 2): 0.0,
 (18, 3): 0.0,
 (18, 4): 0.0,
 (18, 5): 0.0}
(13.0, 1.0)
{(1, 1): 0.0,
 (1, 2): 0.0,
 (1, 3): 0.0,
 (1, 4): 0.0,
 (1, 5): 0.0,
 (2, 1): 0.0,
 (2, 3): 0.0,
 (2, 5): 0.0,
 (3, 1): 0.0,
 (3, 3): 0.0,
 (3, 5): 0.0,
 (4, 1): 0.0,
 (4, 3): 0.0,
 (4, 4): 0.0,
 (4, 5): 0.0,
 (5, 1): 0.0,
 (5, 3): 0.0,
 (5, 5): 0.0,
 (6, 1): 0.002386634844868735,
 (6, 3): 0.0,
 (6, 4): 0.0,
 (6, 5): 0.0,
 (7, 1): 0.49880668257756566,
 (7, 3): 0.0,
 (7, 5): 0.0,
 (8, 1): 0.49880668257756566,
 (8, 3): 0.0,
 (8, 5): 0.0,
 (9, 3): 0.0,
 (9, 5): 0.0,
 (10, 3): 0.0,
 (10, 5): 0.0,
 (11, 1): 0.0,
 (11, 3): 0.0,
 (11, 5): 0.0,
 (12, 1): 0.0,
 (12, 3): 0.0,
 (12, 5): 0.0,
 (13, 1): 0.0,
 (13, 3): 0.0,
 (13, 4): 0.0,
 (13, 5): 0.0,
 (14, 1): 0.0,
 (14, 3): 0.0,
 (14, 5): 0.0,
 (15, 1): 0.0,
 (15, 3): 0.0,
 (15, 4): 0.0,
 (15, 5): 0.0,
 (16, 1): 0.0,
 (16, 3): 0.0,
 (16, 5): 0.0,
 (17, 1): 0.0,
 (17, 3): 0.0,
 (17, 5): 0.0,
 (18, 1): 0.0,
 (18, 2): 0.0,
 (18, 3): 0.0,
 (18, 4): 0.0,
 (18, 5): 0.0}
(14.0, 1.0)
{(1, 1): 0.0,
 (1, 2): 0.0,
 (1, 3): 0.0,
 (1, 4): 0.0,
 (1, 5): 0.0,
 (2, 1): 0.0,
 (2, 3): 0.0,
 (2, 5): 0.0,
 (3, 1): 0.0,
 (3, 3): 0.0,
 (3, 5): 0.0,
 (4, 1): 0.0,
 (4, 3): 0.0,
 (4, 4): 0.0,
 (4, 5): 0.0,
 (5, 1): 0.0,
 (5, 3): 0.0,
 (5, 5): 0.0,
 (6, 1): 0.0023809795053486606,
 (6, 3): 0.0,
 (6, 4): 0.0,
 (6, 5): 0.0,
 (7, 1): 0.49880951024732567,
 (7, 3): 0.0,
 (7, 5): 0.0,
 (8, 1): 0.49880951024732567,
 (8, 3): 0.0,
 (8, 5): 0.0,
 (9, 3): 0.0,
 (9, 5): 0.0,
 (10, 3): 0.0,
 (10, 5): 0.0,
 (11, 1): 0.0,
 (11, 3): 0.0,
 (11, 5): 0.0,
 (12, 1): 0.0,
 (12, 3): 0.0,
 (12, 5): 0.0,
 (13, 1): 0.0,
 (13, 3): 0.0,
 (13, 4): 0.0,
 (13, 5): 0.0,
 (14, 1): 0.0,
 (14, 3): 0.0,
 (14, 5): 0.0,
 (15, 1): 0.0,
 (15, 3): 0.0,
 (15, 4): 0.0,
 (15, 5): 0.0,
 (16, 1): 0.0,
 (16, 3): 0.0,
 (16, 5): 0.0,
 (17, 1): 0.0,
 (17, 3): 0.0,
 (17, 5): 0.0,
 (18, 1): 0.0,
 (18, 2): 0.0,
 (18, 3): 0.0,
 (18, 4): 0.0,
 (18, 5): 0.0}
(15.0, 1.0)
{(1, 1): 0.0,
 (1, 2): 0.0,
 (1, 3): 0.0,
 (1, 4): 0.0,
 (1, 5): 0.0,
 (2, 1): 0.0,
 (2, 3): 0.0,
 (2, 5): 0.0,
 (3, 1): 0.0,
 (3, 3): 0.0,
 (3, 5): 0.0,
 (4, 1): 0.0,
 (4, 3): 0.0,
 (4, 4): 0.0,
 (4, 5): 0.0,
 (5, 1): 0.00095193849293106,
 (5, 3): 0.0,
 (5, 5): 0.0,
 (6, 1): 0.20038077539717244,
 (6, 3): 0.0,
 (6, 4): 0.0,
 (6, 5): 0.0,
 (7, 1): 0.3998096123014138,
 (7, 3): 0.0,
 (7, 5): 0.0,
 (8, 1): 0.39885767380848275,
 (8, 3): 0.0,
 (8, 5): 0.0,
 (9, 3): 0.0,
 (9, 5): 0.0,
 (10, 3): 0.0,
 (10, 5): 0.0,
 (11, 1): 0.0,
 (11, 3): 0.0,
 (11, 5): 0.0,
 (12, 1): 0.0,
 (12, 3): 0.0,
 (12, 5): 0.0,
 (13, 1): 0.0,
 (13, 3): 0.0,
 (13, 4): 0.0,
 (13, 5): 0.0,
 (14, 1): 0.0,
 (14, 3): 0.0,
 (14, 5): 0.0,
 (15, 1): 0.0,
 (15, 3): 0.0,
 (15, 4): 0.0,
 (15, 5): 0.0,
 (16, 1): 0.0,
 (16, 3): 0.0,
 (16, 5): 0.0,
 (17, 1): 0.0,
 (17, 3): 0.0,
 (17, 5): 0.0,
 (18, 1): 0.0,
 (18, 2): 0.0,
 (18, 3): 0.0,
 (18, 4): 0.0,
 (18, 5): 0.0}
(16.0, 1.0)
{(1, 1): 0.0,
 (1, 2): 0.0,
 (1, 3): 0.0,
 (1, 4): 0.0,
 (1, 5): 0.0,
 (2, 1): 0.0,
 (2, 3): 0.0,
 (2, 5): 0.0,
 (3, 1): 0.0,
 (3, 3): 0.0,
 (3, 5): 0.0,
 (4, 1): 0.00036596939865449343,
 (4, 3): 0.0,
 (4, 4): 0.0,
 (4, 5): 0.0,
 (5, 1): 0.07740165229054818,
 (5, 3): 0.0,
 (5, 5): 0.0,
 (6, 1): 0.2311070486756811,
 (6, 3): 0.0,
 (6, 4): 0.0,
 (6, 5): 0.0,
 (7, 1): 0.384080506263505,
 (7, 3): 0.0,
 (7, 5): 0.0,
 (8, 1): 0.3070448233716114,
 (8, 3): 0.0,
 (8, 5): 0.0,
 (9, 3): 0.0,
 (9, 5): 0.0,
 (10, 3): 0.0,
 (10, 5): 0.0,
 (11, 1): 0.0,
 (11, 3): 0.0,
 (11, 5): 0.0,
 (12, 1): 0.0,
 (12, 3): 0.0,
 (12, 5): 0.0,
 (13, 1): 0.0,
 (13, 3): 0.0,
 (13, 4): 0.0,
 (13, 5): 0.0,
 (14, 1): 0.0,
 (14, 3): 0.0,
 (14, 5): 0.0,
 (15, 1): 0.0,
 (15, 3): 0.0,
 (15, 4): 0.0,
 (15, 5): 0.0,
 (16, 1): 0.0,
 (16, 3): 0.0,
 (16, 5): 0.0,
 (17, 1): 0.0,
 (17, 3): 0.0,
 (17, 5): 0.0,
 (18, 1): 0.0,
 (18, 2): 0.0,
 (18, 3): 0.0,
 (18, 4): 0.0,
 (18, 5): 0.0}
(17.0, 1.0)
{(1, 1): 0.0,
 (1, 2): 0.0,
 (1, 3): 0.0,
 (1, 4): 0.0,
 (1, 5): 0.0,
 (2, 1): 0.0,
 (2, 3): 0.0,
 (2, 5): 0.0,
 (3, 1): 0.00013589880805691366,
 (3, 3): 0.0,
 (3, 5): 0.0,
 (4, 1): 0.028878171595328454,
 (4, 3): 0.0,
 (4, 4): 0.0,
 (4, 5): 0.0,
 (5, 1): 0.11469729353297237,
 (5, 3): 0.0,
 (5, 5): 0.0,
 (6, 1): 0.2571855681968179,
 (6, 3): 0.0,
 (6, 4): 0.0,
 (6, 5): 0.0,
 (7, 1): 0.3424610949022342,
 (7, 3): 0.0,
 (7, 5): 0.0,
 (8, 1): 0.2566419729645903,
 (8, 3): 0.0,
 (8, 5): 0.0,
 (9, 3): 0.0,
 (9, 5): 0.0,
 (10, 3): 0.0,
 (10, 5): 0.0,
 (11, 1): 0.0,
 (11, 3): 0.0,
 (11, 5): 0.0,
 (12, 1): 0.0,
 (12, 3): 0.0,
 (12, 5): 0.0,
 (13, 1): 0.0,
 (13, 3): 0.0,
 (13, 4): 0.0,
 (13, 5): 0.0,
 (14, 1): 0.0,
 (14, 3): 0.0,
 (14, 5): 0.0,
 (15, 1): 0.0,
 (15, 3): 0.0,
 (15, 4): 0.0,
 (15, 5): 0.0,
 (16, 1): 0.0,
 (16, 3): 0.0,
 (16, 5): 0.0,
 (17, 1): 0.0,
 (17, 3): 0.0,
 (17, 5): 0.0,
 (18, 1): 0.0,
 (18, 2): 0.0,
 (18, 3): 0.0,
 (18, 4): 0.0,
 (18, 5): 0.0}
(18.0, 1.0)
{(1, 1): 0.0,
 (1, 2): 0.0,
 (1, 3): 0.0,
 (1, 4): 0.0,
 (1, 5): 0.0,
 (2, 1): 0.0,
 (2, 3): 0.0,
 (2, 5): 0.0,
 (3, 1): 0.01052814237029704,
 (3, 3): 0.0,
 (3, 5): 0.0,
 (4, 1): 0.05234344330847088,
 (4, 3): 0.0,
 (4, 4): 0.0,
 (4, 5): 0.0,
 (5, 1): 0.14610582949776313,
 (5, 3): 0.0,
 (5, 5): 0.0,
 (6, 1): 0.26042905285595896,
 (6, 3): 0.0,
 (6, 4): 0.0,
 (6, 5): 0.0,
 (7, 1): 0.3121779590784012,
 (7, 3): 0.0,
 (7, 5): 0.0,
 (8, 1): 0.21841557288910893,
 (8, 3): 0.0,
 (8, 5): 0.0,
 (9, 3): 0.0,
 (9, 5): 0.0,
 (10, 3): 0.0,
 (10, 5): 0.0,
 (11, 1): 0.0,
 (11, 3): 0.0,
 (11, 5): 0.0,
 (12, 1): 0.0,
 (12, 3): 0.0,
 (12, 5): 0.0,
 (13, 1): 0.0,
 (13, 3): 0.0,
 (13, 4): 0.0,
 (13, 5): 0.0,
 (14, 1): 0.0,
 (14, 3): 0.0,
 (14, 5): 0.0,
 (15, 1): 0.0,
 (15, 3): 0.0,
 (15, 4): 0.0,
 (15, 5): 0.0,
 (16, 1): 0.0,
 (16, 3): 0.0,
 (16, 5): 0.0,
 (17, 1): 0.0,
 (17, 3): 0.0,
 (17, 5): 0.0,
 (18, 1): 0.0,
 (18, 2): 0.0,
 (18, 3): 0.0,
 (18, 4): 0.0,
 (18, 5): 0.0}
(18.0, 2.0)
{(1, 1): 0.0,
 (1, 2): 0.0,
 (1, 3): 0.0,
 (1, 4): 0.0,
 (1, 5): 0.0,
 (2, 1): 0.0,
 (2, 3): 0.0,
 (2, 5): 0.0,
 (3, 1): 0.0,
 (3, 3): 0.0,
 (3, 5): 0.0,
 (4, 1): 0.0,
 (4, 3): 0.0,
 (4, 4): 0.0,
 (4, 5): 0.0,
 (5, 1): 0.12086825664123207,
 (5, 3): 0.0,
 (5, 5): 0.0,
 (6, 1): 0.26575380324917414,
 (6, 3): 0.0,
 (6, 4): 0.0,
 (6, 5): 0.0,
 (7, 1): 0.3671230983754129,
 (7, 3): 0.0,
 (7, 5): 0.0,
 (8, 1): 0.24625484173418086,
 (8, 3): 0.0,
 (8, 5): 0.0,
 (9, 3): 0.0,
 (9, 5): 0.0,
 (10, 3): 0.0,
 (10, 5): 0.0,
 (11, 1): 0.0,
 (11, 3): 0.0,
 (11, 5): 0.0,
 (12, 1): 0.0,
 (12, 3): 0.0,
 (12, 5): 0.0,
 (13, 1): 0.0,
 (13, 3): 0.0,
 (13, 4): 0.0,
 (13, 5): 0.0,
 (14, 1): 0.0,
 (14, 3): 0.0,
 (14, 5): 0.0,
 (15, 1): 0.0,
 (15, 3): 0.0,
 (15, 4): 0.0,
 (15, 5): 0.0,
 (16, 1): 0.0,
 (16, 3): 0.0,
 (16, 5): 0.0,
 (17, 1): 0.0,
 (17, 3): 0.0,
 (17, 5): 0.0,
 (18, 1): 0.0,
 (18, 2): 0.0,
 (18, 3): 0.0,
 (18, 4): 0.0,
 (18, 5): 0.0}
(18.0, 3.0)
{(1, 1): 0.0,
 (1, 2): 0.0,
 (1, 3): 0.0,
 (1, 4): 0.0,
 (1, 5): 0.0,
 (2, 1): 0.0,
 (2, 3): 0.0,
 (2, 5): 0.0,
 (3, 1): 0.0,
 (3, 3): 0.0,
 (3, 5): 0.0,
 (4, 1): 0.04389231744209378,
 (4, 3): 0.0,
 (4, 4): 0.0,
 (4, 5): 0.0,
 (5, 1): 0.14039863446691736,
 (5, 3): 0.0,
 (5, 5): 0.0,
 (6, 1): 0.2737163807636045,
 (6, 3): 0.0,
 (6, 4): 0.0,
 (6, 5): 0.0,
 (7, 1): 0.31924949217610404,
 (7, 3): 0.0,
 (7, 5): 0.0,
 (8, 1): 0.22274317515128045,
 (8, 3): 0.0,
 (8, 5): 0.0,
 (9, 3): 0.0,
 (9, 5): 0.0,
 (10, 3): 0.0,
 (10, 5): 0.0,
 (11, 1): 0.0,
 (11, 3): 0.0,
 (11, 5): 0.0,
 (12, 1): 0.0,
 (12, 3): 0.0,
 (12, 5): 0.0,
 (13, 1): 0.0,
 (13, 3): 0.0,
 (13, 4): 0.0,
 (13, 5): 0.0,
 (14, 1): 0.0,
 (14, 3): 0.0,
 (14, 5): 0.0,
 (15, 1): 0.0,
 (15, 3): 0.0,
 (15, 4): 0.0,
 (15, 5): 0.0,
 (16, 1): 0.0,
 (16, 3): 0.0,
 (16, 5): 0.0,
 (17, 1): 0.0,
 (17, 3): 0.0,
 (17, 5): 0.0,
 (18, 1): 0.0,
 (18, 2): 0.0,
 (18, 3): 0.0,
 (18, 4): 0.0,
 (18, 5): 0.0}
(17.0, 3.0)
{(1, 1): 0.0,
 (1, 2): 0.0,
 (1, 3): 0.0,
 (1, 4): 0.0,
 (1, 5): 0.0,
 (2, 1): 0.0,
 (2, 3): 0.0,
 (2, 5): 0.0,
 (3, 1): 0.0,
 (3, 3): 0.0,
 (3, 5): 0.0,
 (4, 1): 0.0,
 (4, 3): 0.0,
 (4, 4): 0.0,
 (4, 5): 0.0,
 (5, 1): 0.0,
 (5, 3): 0.0,
 (5, 5): 0.0,
 (6, 1): 0.0,
 (6, 3): 0.0,
 (6, 4): 0.0,
 (6, 5): 0.0,
 (7, 1): 0.5,
 (7, 3): 0.0,
 (7, 5): 0.0,
 (8, 1): 0.5,
 (8, 3): 0.0,
 (8, 5): 0.0,
 (9, 3): 0.0,
 (9, 5): 0.0,
 (10, 3): 0.0,
 (10, 5): 0.0,
 (11, 1): 0.0,
 (11, 3): 0.0,
 (11, 5): 0.0,
 (12, 1): 0.0,
 (12, 3): 0.0,
 (12, 5): 0.0,
 (13, 1): 0.0,
 (13, 3): 0.0,
 (13, 4): 0.0,
 (13, 5): 0.0,
 (14, 1): 0.0,
 (14, 3): 0.0,
 (14, 5): 0.0,
 (15, 1): 0.0,
 (15, 3): 0.0,
 (15, 4): 0.0,
 (15, 5): 0.0,
 (16, 1): 0.0,
 (16, 3): 0.0,
 (16, 5): 0.0,
 (17, 1): 0.0,
 (17, 3): 0.0,
 (17, 5): 0.0,
 (18, 1): 0.0,
 (18, 2): 0.0,
 (18, 3): 0.0,
 (18, 4): 0.0,
 (18, 5): 0.0}
(16.0, 3.0)
{(1, 1): 0.0,
 (1, 2): 0.0,
 (1, 3): 0.0,
 (1, 4): 0.0,
 (1, 5): 0.0,
 (2, 1): 0.0,
 (2, 3): 0.0,
 (2, 5): 0.0,
 (3, 1): 0.0,
 (3, 3): 0.0,
 (3, 5): 0.0,
 (4, 1): 0.0,
 (4, 3): 0.0,
 (4, 4): 0.0,
 (4, 5): 0.0,
 (5, 1): 0.0,
 (5, 3): 0.0,
 (5, 5): 0.0,
 (6, 1): 0.0,
 (6, 3): 0.0,
 (6, 4): 0.0,
 (6, 5): 0.0,
 (7, 1): 0.5,
 (7, 3): 0.0,
 (7, 5): 0.0,
 (8, 1): 0.5,
 (8, 3): 0.0,
 (8, 5): 0.0,
 (9, 3): 0.0,
 (9, 5): 0.0,
 (10, 3): 0.0,
 (10, 5): 0.0,
 (11, 1): 0.0,
 (11, 3): 0.0,
 (11, 5): 0.0,
 (12, 1): 0.0,
 (12, 3): 0.0,
 (12, 5): 0.0,
 (13, 1): 0.0,
 (13, 3): 0.0,
 (13, 4): 0.0,
 (13, 5): 0.0,
 (14, 1): 0.0,
 (14, 3): 0.0,
 (14, 5): 0.0,
 (15, 1): 0.0,
 (15, 3): 0.0,
 (15, 4): 0.0,
 (15, 5): 0.0,
 (16, 1): 0.0,
 (16, 3): 0.0,
 (16, 5): 0.0,
 (17, 1): 0.0,
 (17, 3): 0.0,
 (17, 5): 0.0,
 (18, 1): 0.0,
 (18, 2): 0.0,
 (18, 3): 0.0,
 (18, 4): 0.0,
 (18, 5): 0.0}
(15.0, 3.0)
{(1, 1): 0.0,
 (1, 2): 0.0,
 (1, 3): 0.0,
 (1, 4): 0.0,
 (1, 5): 0.0,
 (2, 1): 0.0,
 (2, 3): 0.0,
 (2, 5): 0.0,
 (3, 1): 0.0,
 (3, 3): 0.0,
 (3, 5): 0.0,
 (4, 1): 0.0,
 (4, 3): 0.0,
 (4, 4): 0.0,
 (4, 5): 0.0,
 (5, 1): 0.0,
 (5, 3): 0.0,
 (5, 5): 0.0,
 (6, 1): 0.0,
 (6, 3): 0.0,
 (6, 4): 0.0,
 (6, 5): 0.0,
 (7, 1): 0.5,
 (7, 3): 0.0,
 (7, 5): 0.0,
 (8, 1): 0.5,
 (8, 3): 0.0,
 (8, 5): 0.0,
 (9, 3): 0.0,
 (9, 5): 0.0,
 (10, 3): 0.0,
 (10, 5): 0.0,
 (11, 1): 0.0,
 (11, 3): 0.0,
 (11, 5): 0.0,
 (12, 1): 0.0,
 (12, 3): 0.0,
 (12, 5): 0.0,
 (13, 1): 0.0,
 (13, 3): 0.0,
 (13, 4): 0.0,
 (13, 5): 0.0,
 (14, 1): 0.0,
 (14, 3): 0.0,
 (14, 5): 0.0,
 (15, 1): 0.0,
 (15, 3): 0.0,
 (15, 4): 0.0,
 (15, 5): 0.0,
 (16, 1): 0.0,
 (16, 3): 0.0,
 (16, 5): 0.0,
 (17, 1): 0.0,
 (17, 3): 0.0,
 (17, 5): 0.0,
 (18, 1): 0.0,
 (18, 2): 0.0,
 (18, 3): 0.0,
 (18, 4): 0.0,
 (18, 5): 0.0}
(14.0, 3.0)
{(1, 1): 0.0,
 (1, 2): 0.0,
 (1, 3): 0.0,
 (1, 4): 0.0,
 (1, 5): 0.0,
 (2, 1): 0.0,
 (2, 3): 0.0,
 (2, 5): 0.0,
 (3, 1): 0.0,
 (3, 3): 0.0,
 (3, 5): 0.0,
 (4, 1): 0.0,
 (4, 3): 0.0,
 (4, 4): 0.0,
 (4, 5): 0.0,
 (5, 1): 0.0,
 (5, 3): 0.0,
 (5, 5): 0.0,
 (6, 1): 0.2,
 (6, 3): 0.0,
 (6, 4): 0.0,
 (6, 5): 0.0,
 (7, 1): 0.4,
 (7, 3): 0.0,
 (7, 5): 0.0,
 (8, 1): 0.4,
 (8, 3): 0.0,
 (8, 5): 0.0,
 (9, 3): 0.0,
 (9, 5): 0.0,
 (10, 3): 0.0,
 (10, 5): 0.0,
 (11, 1): 0.0,
 (11, 3): 0.0,
 (11, 5): 0.0,
 (12, 1): 0.0,
 (12, 3): 0.0,
 (12, 5): 0.0,
 (13, 1): 0.0,
 (13, 3): 0.0,
 (13, 4): 0.0,
 (13, 5): 0.0,
 (14, 1): 0.0,
 (14, 3): 0.0,
 (14, 5): 0.0,
 (15, 1): 0.0,
 (15, 3): 0.0,
 (15, 4): 0.0,
 (15, 5): 0.0,
 (16, 1): 0.0,
 (16, 3): 0.0,
 (16, 5): 0.0,
 (17, 1): 0.0,
 (17, 3): 0.0,
 (17, 5): 0.0,
 (18, 1): 0.0,
 (18, 2): 0.0,
 (18, 3): 0.0,
 (18, 4): 0.0,
 (18, 5): 0.0}
(13.0, 3.0)
{(1, 1): 0.0,
 (1, 2): 0.0,
 (1, 3): 0.0,
 (1, 4): 0.0,
 (1, 5): 0.0,
 (2, 1): 0.0,
 (2, 3): 0.0,
 (2, 5): 0.0,
 (3, 1): 0.0,
 (3, 3): 0.0,
 (3, 5): 0.0,
 (4, 1): 0.0,
 (4, 3): 0.0,
 (4, 4): 0.0,
 (4, 5): 0.0,
 (5, 1): 0.0,
 (5, 3): 0.0,
 (5, 5): 0.0,
 (6, 1): 0.0,
 (6, 3): 0.0,
 (6, 4): 0.0,
 (6, 5): 0.0,
 (7, 1): 0.5,
 (7, 3): 0.0,
 (7, 5): 0.0,
 (8, 1): 0.5,
 (8, 3): 0.0,
 (8, 5): 0.0,
 (9, 3): 0.0,
 (9, 5): 0.0,
 (10, 3): 0.0,
 (10, 5): 0.0,
 (11, 1): 0.0,
 (11, 3): 0.0,
 (11, 5): 0.0,
 (12, 1): 0.0,
 (12, 3): 0.0,
 (12, 5): 0.0,
 (13, 1): 0.0,
 (13, 3): 0.0,
 (13, 4): 0.0,
 (13, 5): 0.0,
 (14, 1): 0.0,
 (14, 3): 0.0,
 (14, 5): 0.0,
 (15, 1): 0.0,
 (15, 3): 0.0,
 (15, 4): 0.0,
 (15, 5): 0.0,
 (16, 1): 0.0,
 (16, 3): 0.0,
 (16, 5): 0.0,
 (17, 1): 0.0,
 (17, 3): 0.0,
 (17, 5): 0.0,
 (18, 1): 0.0,
 (18, 2): 0.0,
 (18, 3): 0.0,
 (18, 4): 0.0,
 (18, 5): 0.0}
(12.0, 3.0)
{(1, 1): 0.0,
 (1, 2): 0.0,
 (1, 3): 0.0,
 (1, 4): 0.0,
 (1, 5): 0.0,
 (2, 1): 0.0,
 (2, 3): 0.0,
 (2, 5): 0.0,
 (3, 1): 0.0,
 (3, 3): 0.0,
 (3, 5): 0.0,
 (4, 1): 0.0,
 (4, 3): 0.0,
 (4, 4): 0.0,
 (4, 5): 0.0,
 (5, 1): 0.0,
 (5, 3): 0.0,
 (5, 5): 0.0,
 (6, 1): 0.2,
 (6, 3): 0.0,
 (6, 4): 0.0,
 (6, 5): 0.0,
 (7, 1): 0.4,
 (7, 3): 0.0,
 (7, 5): 0.0,
 (8, 1): 0.4,
 (8, 3): 0.0,
 (8, 5): 0.0,
 (9, 3): 0.0,
 (9, 5): 0.0,
 (10, 3): 0.0,
 (10, 5): 0.0,
 (11, 1): 0.0,
 (11, 3): 0.0,
 (11, 5): 0.0,
 (12, 1): 0.0,
 (12, 3): 0.0,
 (12, 5): 0.0,
 (13, 1): 0.0,
 (13, 3): 0.0,
 (13, 4): 0.0,
 (13, 5): 0.0,
 (14, 1): 0.0,
 (14, 3): 0.0,
 (14, 5): 0.0,
 (15, 1): 0.0,
 (15, 3): 0.0,
 (15, 4): 0.0,
 (15, 5): 0.0,
 (16, 1): 0.0,
 (16, 3): 0.0,
 (16, 5): 0.0,
 (17, 1): 0.0,
 (17, 3): 0.0,
 (17, 5): 0.0,
 (18, 1): 0.0,
 (18, 2): 0.0,
 (18, 3): 0.0,
 (18, 4): 0.0,
 (18, 5): 0.0}
(11.0, 3.0)
{(1, 1): 0.0,
 (1, 2): 0.0,
 (1, 3): 0.0,
 (1, 4): 0.0,
 (1, 5): 0.0,
 (2, 1): 0.0,
 (2, 3): 0.0,
 (2, 5): 0.0,
 (3, 1): 0.0,
 (3, 3): 0.0,
 (3, 5): 0.0,
 (4, 1): 0.0,
 (4, 3): 0.0,
 (4, 4): 0.0,
 (4, 5): 0.0,
 (5, 1): 0.07692307692307691,
 (5, 3): 0.0,
 (5, 5): 0.0,
 (6, 1): 0.23076923076923075,
 (6, 3): 0.0,
 (6, 4): 0.0,
 (6, 5): 0.0,
 (7, 1): 0.3846153846153846,
 (7, 3): 0.0,
 (7, 5): 0.0,
 (8, 1): 0.30769230769230765,
 (8, 3): 0.0,
 (8, 5): 0.0,
 (9, 3): 0.0,
 (9, 5): 0.0,
 (10, 3): 0.0,
 (10, 5): 0.0,
 (11, 1): 0.0,
 (11, 3): 0.0,
 (11, 5): 0.0,
 (12, 1): 0.0,
 (12, 3): 0.0,
 (12, 5): 0.0,
 (13, 1): 0.0,
 (13, 3): 0.0,
 (13, 4): 0.0,
 (13, 5): 0.0,
 (14, 1): 0.0,
 (14, 3): 0.0,
 (14, 5): 0.0,
 (15, 1): 0.0,
 (15, 3): 0.0,
 (15, 4): 0.0,
 (15, 5): 0.0,
 (16, 1): 0.0,
 (16, 3): 0.0,
 (16, 5): 0.0,
 (17, 1): 0.0,
 (17, 3): 0.0,
 (17, 5): 0.0,
 (18, 1): 0.0,
 (18, 2): 0.0,
 (18, 3): 0.0,
 (18, 4): 0.0,
 (18, 5): 0.0}
(10.0, 3.0)
{(1, 1): 0.0,
 (1, 2): 0.0,
 (1, 3): 0.0,
 (1, 4): 0.0,
 (1, 5): 0.0,
 (2, 1): 0.0,
 (2, 3): 0.0,
 (2, 5): 0.0,
 (3, 1): 0.0,
 (3, 3): 0.0,
 (3, 5): 0.0,
 (4, 1): 0.00036616623947272053,
 (4, 3): 0.0,
 (4, 4): 0.0,
 (4, 5): 0.0,
 (5, 1): 0.0014646649578908821,
 (5, 3): 0.0,
 (5, 5): 0.0,
 (6, 1): 0.0032954961552544852,
 (6, 3): 0.0,
 (6, 4): 0.0,
 (6, 5): 0.0,
 (7, 1): 0.49798608568290004,
 (7, 3): 0.0,
 (7, 5): 0.0,
 (8, 1): 0.4968875869644818,
 (8, 3): 0.0,
 (8, 5): 0.0,
 (9, 3): 0.0,
 (9, 5): 0.0,
 (10, 3): 0.0,
 (10, 5): 0.0,
 (11, 1): 0.0,
 (11, 3): 0.0,
 (11, 5): 0.0,
 (12, 1): 0.0,
 (12, 3): 0.0,
 (12, 5): 0.0,
 (13, 1): 0.0,
 (13, 3): 0.0,
 (13, 4): 0.0,
 (13, 5): 0.0,
 (14, 1): 0.0,
 (14, 3): 0.0,
 (14, 5): 0.0,
 (15, 1): 0.0,
 (15, 3): 0.0,
 (15, 4): 0.0,
 (15, 5): 0.0,
 (16, 1): 0.0,
 (16, 3): 0.0,
 (16, 5): 0.0,
 (17, 1): 0.0,
 (17, 3): 0.0,
 (17, 5): 0.0,
 (18, 1): 0.0,
 (18, 2): 0.0,
 (18, 3): 0.0,
 (18, 4): 0.0,
 (18, 5): 0.0}
(9.0, 3.0)
{(1, 1): 0.0,
 (1, 2): 0.0,
 (1, 3): 0.0,
 (1, 4): 0.0,
 (1, 5): 0.0,
 (2, 1): 0.0,
 (2, 3): 0.0,
 (2, 5): 0.0,
 (3, 1): 1.7477323173182794e-06,
 (3, 3): 0.0,
 (3, 5): 0.0,
 (4, 1): 8.738661586591397e-06,
 (4, 3): 0.0,
 (4, 4): 0.0,
 (4, 5): 0.0,
 (5, 1): 2.4468252442455913e-05,
 (5, 3): 0.0,
 (5, 5): 0.0,
 (6, 1): 0.0023996364716779984,
 (6, 3): 0.0,
 (6, 4): 0.0,
 (6, 5): 0.0,
 (7, 1): 0.4987905692364158,
 (7, 3): 0.0,
 (7, 5): 0.0,
 (8, 1): 0.4987748396455599,
 (8, 3): 0.0,
 (8, 5): 0.0,
 (9, 3): 0.0,
 (9, 5): 0.0,
 (10, 3): 0.0,
 (10, 5): 0.0,
 (11, 1): 0.0,
 (11, 3): 0.0,
 (11, 5): 0.0,
 (12, 1): 0.0,
 (12, 3): 0.0,
 (12, 5): 0.0,
 (13, 1): 0.0,
 (13, 3): 0.0,
 (13, 4): 0.0,
 (13, 5): 0.0,
 (14, 1): 0.0,
 (14, 3): 0.0,
 (14, 5): 0.0,
 (15, 1): 0.0,
 (15, 3): 0.0,
 (15, 4): 0.0,
 (15, 5): 0.0,
 (16, 1): 0.0,
 (16, 3): 0.0,
 (16, 5): 0.0,
 (17, 1): 0.0,
 (17, 3): 0.0,
 (17, 5): 0.0,
 (18, 1): 0.0,
 (18, 2): 0.0,
 (18, 3): 0.0,
 (18, 4): 0.0,
 (18, 5): 0.0}
(8.0, 3.0)
{(1, 1): 0.0,
 (1, 2): 0.0,
 (1, 3): 0.0,
 (1, 4): 0.0,
 (1, 5): 0.0,
 (2, 1): 8.402264178293558e-09,
 (2, 3): 0.0,
 (2, 5): 0.0,
 (3, 1): 5.041358506976135e-08,
 (3, 3): 0.0,
 (3, 5): 0.0,
 (4, 1): 1.6804528356587117e-07,
 (4, 3): 0.0,
 (4, 4): 0.0,
 (4, 5): 0.0,
 (5, 1): 1.1695951736184638e-05,
 (5, 3): 0.0,
 (5, 5): 0.0,
 (6, 1): 1.165394041529317e-05,
 (6, 3): 0.0,
 (6, 4): 0.0,
 (6, 5): 0.0,
 (7, 1): 0.49999397977771626,
 (7, 3): 0.0,
 (7, 5): 0.0,
 (8, 1): 0.49998244346899945,
 (8, 3): 0.0,
 (8, 5): 0.0,
 (9, 3): 0.0,
 (9, 5): 0.0,
 (10, 3): 0.0,
 (10, 5): 0.0,
 (11, 1): 0.0,
 (11, 3): 0.0,
 (11, 5): 0.0,
 (12, 1): 0.0,
 (12, 3): 0.0,
 (12, 5): 0.0,
 (13, 1): 0.0,
 (13, 3): 0.0,
 (13, 4): 0.0,
 (13, 5): 0.0,
 (14, 1): 0.0,
 (14, 3): 0.0,
 (14, 5): 0.0,
 (15, 1): 0.0,
 (15, 3): 0.0,
 (15, 4): 0.0,
 (15, 5): 0.0,
 (16, 1): 0.0,
 (16, 3): 0.0,
 (16, 5): 0.0,
 (17, 1): 0.0,
 (17, 3): 0.0,
 (17, 5): 0.0,
 (18, 1): 0.0,
 (18, 2): 0.0,
 (18, 3): 0.0,
 (18, 4): 0.0,
 (18, 5): 0.0}
(7.0, 3.0)
{(1, 1): 4.039549391062411e-11,
 (1, 2): 0.0,
 (1, 3): 0.0,
 (1, 4): 0.0,
 (1, 5): 0.0,
 (2, 1): 2.8276845737436884e-10,
 (2, 3): 0.0,
 (2, 5): 0.0,
 (3, 1): 1.0906783355868513e-09,
 (3, 3): 0.0,
 (3, 5): 0.0,
 (4, 1): 5.728081036526502e-08,
 (4, 3): 0.0,
 (4, 4): 0.0,
 (4, 5): 0.0,
 (5, 1): 5.703843740180127e-08,
 (5, 3): 0.0,
 (5, 5): 0.0,
 (6, 1): 5.623052752358879e-08,
 (6, 3): 0.0,
 (6, 4): 0.0,
 (6, 5): 0.0,
 (7, 1): 0.49999991401819127,
 (7, 3): 0.0,
 (7, 5): 0.0,
 (8, 1): 0.49999991401819127,
 (8, 3): 0.0,
 (8, 5): 0.0,
 (9, 3): 0.0,
 (9, 5): 0.0,
 (10, 3): 0.0,
 (10, 5): 0.0,
 (11, 1): 0.0,
 (11, 3): 0.0,
 (11, 5): 0.0,
 (12, 1): 0.0,
 (12, 3): 0.0,
 (12, 5): 0.0,
 (13, 1): 0.0,
 (13, 3): 0.0,
 (13, 4): 0.0,
 (13, 5): 0.0,
 (14, 1): 0.0,
 (14, 3): 0.0,
 (14, 5): 0.0,
 (15, 1): 0.0,
 (15, 3): 0.0,
 (15, 4): 0.0,
 (15, 5): 0.0,
 (16, 1): 0.0,
 (16, 3): 0.0,
 (16, 5): 0.0,
 (17, 1): 0.0,
 (17, 3): 0.0,
 (17, 5): 0.0,
 (18, 1): 0.0,
 (18, 2): 0.0,
 (18, 3): 0.0,
 (18, 4): 0.0,
 (18, 5): 0.0}
(6.0, 3.0)
{(1, 1): 1.5536728414010387e-12,
 (1, 2): 1.9420910517512981e-13,
 (1, 3): 0.0,
 (1, 4): 0.0,
 (1, 5): 0.0,
 (2, 1): 6.797318681129544e-12,
 (2, 3): 0.0,
 (2, 5): 0.0,
 (3, 1): 2.819916207142886e-10,
 (3, 3): 0.0,
 (3, 5): 0.0,
 (4, 1): 2.806321569780627e-10,
 (4, 3): 0.0,
 (4, 4): 0.0,
 (4, 5): 0.0,
 (5, 1): 2.753885111383342e-10,
 (5, 3): 0.0,
 (5, 5): 0.0,
 (6, 1): 0.0,
 (6, 3): 0.0,
 (6, 4): 0.0,
 (6, 5): 0.0,
 (7, 1): 0.49999999957672125,
 (7, 3): 0.0,
 (7, 5): 0.0,
 (8, 1): 0.49999999957672125,
 (8, 3): 0.0,
 (8, 5): 0.0,
 (9, 3): 0.0,
 (9, 5): 0.0,
 (10, 3): 0.0,
 (10, 5): 0.0,
 (11, 1): 0.0,
 (11, 3): 0.0,
 (11, 5): 0.0,
 (12, 1): 0.0,
 (12, 3): 0.0,
 (12, 5): 0.0,
 (13, 1): 0.0,
 (13, 3): 0.0,
 (13, 4): 0.0,
 (13, 5): 0.0,
 (14, 1): 0.0,
 (14, 3): 0.0,
 (14, 5): 0.0,
 (15, 1): 0.0,
 (15, 3): 0.0,
 (15, 4): 0.0,
 (15, 5): 0.0,
 (16, 1): 0.0,
 (16, 3): 0.0,
 (16, 5): 0.0,
 (17, 1): 0.0,
 (17, 3): 0.0,
 (17, 5): 0.0,
 (18, 1): 0.0,
 (18, 2): 0.0,
 (18, 3): 0.0,
 (18, 4): 0.0,
 (18, 5): 0.0}
(6.0, 4.0)
{(1, 1): 4.1082695325336083e-14,
 (1, 2): 8.403278589273291e-15,
 (1, 3): 9.336976210303653e-16,
 (1, 4): 0.0,
 (1, 5): 0.0,
 (2, 1): 1.395877943440397e-12,
 (2, 3): 0.0,
 (2, 5): 0.0,
 (3, 1): 1.388408362472154e-12,
 (3, 3): 0.0,
 (3, 5): 0.0,
 (4, 1): 1.3557289457360913e-12,
 (4, 3): 0.0,
 (4, 4): 0.0,
 (4, 5): 0.0,
 (5, 1): 0.0,
 (5, 3): 0.0,
 (5, 5): 0.0,
 (6, 1): 0.0,
 (6, 3): 0.0,
 (6, 4): 0.0,
 (6, 5): 0.0,
 (7, 1): 0.4999999999979048,
 (7, 3): 0.0,
 (7, 5): 0.0,
 (8, 1): 0.4999999999979048,
 (8, 3): 0.0,
 (8, 5): 0.0,
 (9, 3): 0.0,
 (9, 5): 0.0,
 (10, 3): 0.0,
 (10, 5): 0.0,
 (11, 1): 0.0,
 (11, 3): 0.0,
 (11, 5): 0.0,
 (12, 1): 0.0,
 (12, 3): 0.0,
 (12, 5): 0.0,
 (13, 1): 0.0,
 (13, 3): 0.0,
 (13, 4): 0.0,
 (13, 5): 0.0,
 (14, 1): 0.0,
 (14, 3): 0.0,
 (14, 5): 0.0,
 (15, 1): 0.0,
 (15, 3): 0.0,
 (15, 4): 0.0,
 (15, 5): 0.0,
 (16, 1): 0.0,
 (16, 3): 0.0,
 (16, 5): 0.0,
 (17, 1): 0.0,
 (17, 3): 0.0,
 (17, 5): 0.0,
 (18, 1): 0.0,
 (18, 2): 0.0,
 (18, 3): 0.0,
 (18, 4): 0.0,
 (18, 5): 0.0}
(6.0, 5.0)
{(1, 1): 6.948864987283266e-15,
 (1, 2): 2.4240226699825334e-16,
 (1, 3): 4.488930870338025e-17,
 (1, 4): 4.488930870338024e-18,
 (1, 5): 0.0,
 (2, 1): 1.3583504813642867e-14,
 (2, 3): 4.488930870338024e-18,
 (2, 5): 0.0,
 (3, 1): 1.990391947907881e-14,
 (3, 3): 0.0,
 (3, 5): 0.0,
 (4, 1): 1.319296782792346e-14,
 (4, 3): 0.0,
 (4, 4): 0.0,
 (4, 5): 0.0,
 (5, 1): 6.5179276237308145e-15,
 (5, 3): 0.0,
 (5, 5): 0.0,
 (6, 1): 0.0,
 (6, 3): 0.0,
 (6, 4): 0.0,
 (6, 5): 0.0,
 (7, 1): 0.4999999999999698,
 (7, 3): 0.0,
 (7, 5): 0.0,
 (8, 1): 0.4999999999999698,
 (8, 3): 0.0,
 (8, 5): 0.0,
 (9, 3): 0.0,
 (9, 5): 0.0,
 (10, 3): 0.0,
 (10, 5): 0.0,
 (11, 1): 0.0,
 (11, 3): 0.0,
 (11, 5): 0.0,
 (12, 1): 0.0,
 (12, 3): 0.0,
 (12, 5): 0.0,
 (13, 1): 0.0,
 (13, 3): 0.0,
 (13, 4): 0.0,
 (13, 5): 0.0,
 (14, 1): 0.0,
 (14, 3): 0.0,
 (14, 5): 0.0,
 (15, 1): 0.0,
 (15, 3): 0.0,
 (15, 4): 0.0,
 (15, 5): 0.0,
 (16, 1): 0.0,
 (16, 3): 0.0,
 (16, 5): 0.0,
 (17, 1): 0.0,
 (17, 3): 0.0,
 (17, 5): 0.0,
 (18, 1): 0.0,
 (18, 2): 0.0,
 (18, 3): 0.0,
 (18, 4): 0.0,
 (18, 5): 0.0}
(5.0, 5.0)
{(1, 1): 0.0,
 (1, 2): 1.795572348135233e-17,
 (1, 3): 2.15468681776228e-17,
 (1, 4): 1.9751295829487567e-17,
 (1, 5): 1.795572348135233e-18,
 (2, 1): 7.961567791631628e-15,
 (2, 3): 1.9751295829487567e-17,
 (2, 5): 0.0,
 (3, 1): 1.323875492280108e-14,
 (3, 3): 1.795572348135233e-18,
 (3, 5): 0.0,
 (4, 1): 1.584592597229344e-14,
 (4, 3): 0.0,
 (4, 4): 0.0,
 (4, 5): 0.0,
 (5, 1): 7.884358180661813e-15,
 (5, 3): 0.0,
 (5, 5): 0.0,
 (6, 1): 0.1999999999999931,
 (6, 3): 0.0,
 (6, 4): 0.0,
 (6, 5): 0.0,
 (7, 1): 0.399999999999981,
 (7, 3): 0.0,
 (7, 5): 0.0,
 (8, 1): 0.399999999999981,
 (8, 3): 0.0,
 (8, 5): 0.0,
 (9, 3): 0.0,
 (9, 5): 0.0,
 (10, 3): 0.0,
 (10, 5): 0.0,
 (11, 1): 0.0,
 (11, 3): 0.0,
 (11, 5): 0.0,
 (12, 1): 0.0,
 (12, 3): 0.0,
 (12, 5): 0.0,
 (13, 1): 0.0,
 (13, 3): 0.0,
 (13, 4): 0.0,
 (13, 5): 0.0,
 (14, 1): 0.0,
 (14, 3): 0.0,
 (14, 5): 0.0,
 (15, 1): 0.0,
 (15, 3): 0.0,
 (15, 4): 0.0,
 (15, 5): 0.0,
 (16, 1): 0.0,
 (16, 3): 0.0,
 (16, 5): 0.0,
 (17, 1): 0.0,
 (17, 3): 0.0,
 (17, 5): 0.0,
 (18, 1): 0.0,
 (18, 2): 0.0,
 (18, 3): 0.0,
 (18, 4): 0.0,
 (18, 5): 0.0}
(4.0, 5.0)
{(1, 1): 3.0690475058126893e-15,
 (1, 2): 1.5193304484221228e-17,
 (1, 3): 3.0386608968442456e-17,
 (1, 4): 1.588390923350401e-17,
 (1, 5): 7.596652242110614e-18,
 (2, 1): 8.153970274781823e-15,
 (2, 3): 1.588390923350401e-17,
 (2, 5): 0.0,
 (3, 1): 1.4248557187202386e-14,
 (3, 3): 7.596652242110614e-18,
 (3, 5): 0.0,
 (4, 1): 1.1186415728882526e-14,
 (4, 3): 0.0,
 (4, 4): 0.0,
 (4, 5): 0.0,
 (5, 1): 0.07692307692308048,
 (5, 3): 0.0,
 (5, 5): 0.0,
 (6, 1): 0.23076923076922115,
 (6, 3): 0.0,
 (6, 4): 0.0,
 (6, 5): 0.0,
 (7, 1): 0.384615384615368,
 (7, 3): 0.0,
 (7, 5): 0.0,
 (8, 1): 0.30769230769229355,
 (8, 3): 0.0,
 (8, 5): 0.0,
 (9, 3): 0.0,
 (9, 5): 0.0,
 (10, 3): 0.0,
 (10, 5): 0.0,
 (11, 1): 0.0,
 (11, 3): 0.0,
 (11, 5): 0.0,
 (12, 1): 0.0,
 (12, 3): 0.0,
 (12, 5): 0.0,
 (13, 1): 0.0,
 (13, 3): 0.0,
 (13, 4): 0.0,
 (13, 5): 0.0,
 (14, 1): 0.0,
 (14, 3): 0.0,
 (14, 5): 0.0,
 (15, 1): 0.0,
 (15, 3): 0.0,
 (15, 4): 0.0,
 (15, 5): 0.0,
 (16, 1): 0.0,
 (16, 3): 0.0,
 (16, 5): 0.0,
 (17, 1): 0.0,
 (17, 3): 0.0,
 (17, 5): 0.0,
 (18, 1): 0.0,
 (18, 2): 0.0,
 (18, 3): 0.0,
 (18, 4): 0.0,
 (18, 5): 0.0}
(4.0, 4.0)
{(1, 1): 4.17419268874356e-15,
 (1, 2): 1.1568616128699966e-15,
 (1, 3): 1.692968213956092e-17,
 (1, 4): 1.1286454759707281e-17,
 (1, 5): 0.0,
 (2, 1): 9.46087070232463e-15,
 (2, 3): 1.1286454759707281e-17,
 (2, 5): 0.0,
 (3, 1): 8.320938771594194e-15,
 (3, 3): 0.0,
 (3, 5): 0.0,
 (4, 1): 0.028571428571435395,
 (4, 3): 0.0,
 (4, 4): 0.0,
 (4, 5): 0.0,
 (5, 1): 0.11428571428571288,
 (5, 3): 0.0,
 (5, 5): 0.0,
 (6, 1): 0.2571428571428506,
 (6, 3): 0.0,
 (6, 4): 0.0,
 (6, 5): 0.0,
 (7, 1): 0.34285714285713037,
 (7, 3): 0.0,
 (7, 5): 0.0,
 (8, 1): 0.2571428571428476,
 (8, 3): 0.0,
 (8, 5): 0.0,
 (9, 3): 0.0,
 (9, 5): 0.0,
 (10, 3): 0.0,
 (10, 5): 0.0,
 (11, 1): 0.0,
 (11, 3): 0.0,
 (11, 5): 0.0,
 (12, 1): 0.0,
 (12, 3): 0.0,
 (12, 5): 0.0,
 (13, 1): 0.0,
 (13, 3): 0.0,
 (13, 4): 0.0,
 (13, 5): 0.0,
 (14, 1): 0.0,
 (14, 3): 0.0,
 (14, 5): 0.0,
 (15, 1): 0.0,
 (15, 3): 0.0,
 (15, 4): 0.0,
 (15, 5): 0.0,
 (16, 1): 0.0,
 (16, 3): 0.0,
 (16, 5): 0.0,
 (17, 1): 0.0,
 (17, 3): 0.0,
 (17, 5): 0.0,
 (18, 1): 0.0,
 (18, 2): 0.0,
 (18, 3): 0.0,
 (18, 4): 0.0,
 (18, 5): 0.0}
(4.0, 3.0)
{(1, 1): 6.3915725325659714e-15,
 (1, 2): 2.3035419821787293e-15,
 (1, 3): 4.998784746969191e-16,
 (1, 4): 0.0,
 (1, 5): 0.0,
 (2, 1): 5.8916940578690526e-15,
 (2, 3): 0.0,
 (2, 5): 0.0,
 (3, 1): 4.0880305503872425e-15,
 (3, 3): 0.0,
 (3, 5): 0.0,
 (4, 1): 0.0,
 (4, 3): 0.0,
 (4, 4): 0.0,
 (4, 5): 0.0,
 (5, 1): 0.11111111111110981,
 (5, 3): 0.0,
 (5, 5): 0.0,
 (6, 1): 0.25925925925925464,
 (6, 3): 0.0,
 (6, 4): 0.0,
 (6, 5): 0.0,
 (7, 1): 0.37037037037036313,
 (7, 3): 0.0,
 (7, 5): 0.0,
 (8, 1): 0.25925925925925336,
 (8, 3): 0.0,
 (8, 5): 0.0,
 (9, 3): 0.0,
 (9, 5): 0.0,
 (10, 3): 0.0,
 (10, 5): 0.0,
 (11, 1): 0.0,
 (11, 3): 0.0,
 (11, 5): 0.0,
 (12, 1): 0.0,
 (12, 3): 0.0,
 (12, 5): 0.0,
 (13, 1): 0.0,
 (13, 3): 0.0,
 (13, 4): 0.0,
 (13, 5): 0.0,
 (14, 1): 0.0,
 (14, 3): 0.0,
 (14, 5): 0.0,
 (15, 1): 0.0,
 (15, 3): 0.0,
 (15, 4): 0.0,
 (15, 5): 0.0,
 (16, 1): 0.0,
 (16, 3): 0.0,
 (16, 5): 0.0,
 (17, 1): 0.0,
 (17, 3): 0.0,
 (17, 5): 0.0,
 (18, 1): 0.0,
 (18, 2): 0.0,
 (18, 3): 0.0,
 (18, 4): 0.0,
 (18, 5): 0.0}
(3.0, 3.0)
{(1, 1): 3.922101326801881e-15,
 (1, 2): 3.922101326801881e-15,
 (1, 3): 0.0,
 (1, 4): 0.0,
 (1, 5): 0.0,
 (2, 1): 3.922101326801881e-15,
 (2, 3): 0.0,
 (2, 5): 0.0,
 (3, 1): 0.0,
 (3, 3): 0.0,
 (3, 5): 0.0,
 (4, 1): 0.0,
 (4, 3): 0.0,
 (4, 4): 0.0,
 (4, 5): 0.0,
 (5, 1): 0.0,
 (5, 3): 0.0,
 (5, 5): 0.0,
 (6, 1): 0.22727272727272482,
 (6, 3): 0.0,
 (6, 4): 0.0,
 (6, 5): 0.0,
 (7, 1): 0.3863636363636317,
 (7, 3): 0.0,
 (7, 5): 0.0,
 (8, 1): 0.3863636363636317,
 (8, 3): 0.0,
 (8, 5): 0.0,
 (9, 3): 0.0,
 (9, 5): 0.0,
 (10, 3): 0.0,
 (10, 5): 0.0,
 (11, 1): 0.0,
 (11, 3): 0.0,
 (11, 5): 0.0,
 (12, 1): 0.0,
 (12, 3): 0.0,
 (12, 5): 0.0,
 (13, 1): 0.0,
 (13, 3): 0.0,
 (13, 4): 0.0,
 (13, 5): 0.0,
 (14, 1): 0.0,
 (14, 3): 0.0,
 (14, 5): 0.0,
 (15, 1): 0.0,
 (15, 3): 0.0,
 (15, 4): 0.0,
 (15, 5): 0.0,
 (16, 1): 0.0,
 (16, 3): 0.0,
 (16, 5): 0.0,
 (17, 1): 0.0,
 (17, 3): 0.0,
 (17, 5): 0.0,
 (18, 1): 0.0,
 (18, 2): 0.0,
 (18, 3): 0.0,
 (18, 4): 0.0,
 (18, 5): 0.0}
(2.0, 3.0)
{(1, 1): 0.0,
 (1, 2): 0.0,
 (1, 3): 0.0,
 (1, 4): 0.0,
 (1, 5): 0.0,
 (2, 1): 0.0,
 (2, 3): 0.0,
 (2, 5): 0.0,
 (3, 1): 0.0,
 (3, 3): 0.0,
 (3, 5): 0.0,
 (4, 1): 0.0,
 (4, 3): 0.0,
 (4, 4): 0.0,
 (4, 5): 0.0,
 (5, 1): 0.08695652173913052,
 (5, 3): 0.0,
 (5, 5): 0.0,
 (6, 1): 0.2347826086956522,
 (6, 3): 0.0,
 (6, 4): 0.0,
 (6, 5): 0.0,
 (7, 1): 0.38260869565217387,
 (7, 3): 0.0,
 (7, 5): 0.0,
 (8, 1): 0.2956521739130434,
 (8, 3): 0.0,
 (8, 5): 0.0,
 (9, 3): 0.0,
 (9, 5): 0.0,
 (10, 3): 0.0,
 (10, 5): 0.0,
 (11, 1): 0.0,
 (11, 3): 0.0,
 (11, 5): 0.0,
 (12, 1): 0.0,
 (12, 3): 0.0,
 (12, 5): 0.0,
 (13, 1): 0.0,
 (13, 3): 0.0,
 (13, 4): 0.0,
 (13, 5): 0.0,
 (14, 1): 0.0,
 (14, 3): 0.0,
 (14, 5): 0.0,
 (15, 1): 0.0,
 (15, 3): 0.0,
 (15, 4): 0.0,
 (15, 5): 0.0,
 (16, 1): 0.0,
 (16, 3): 0.0,
 (16, 5): 0.0,
 (17, 1): 0.0,
 (17, 3): 0.0,
 (17, 5): 0.0,
 (18, 1): 0.0,
 (18, 2): 0.0,
 (18, 3): 0.0,
 (18, 4): 0.0,
 (18, 5): 0.0}
(1.0, 3.0)
{(1, 1): 0.0,
 (1, 2): 0.0,
 (1, 3): 0.0,
 (1, 4): 0.0,
 (1, 5): 0.0,
 (2, 1): 0.0,
 (2, 3): 0.0,
 (2, 5): 0.0,
 (3, 1): 0.0,
 (3, 3): 0.0,
 (3, 5): 0.0,
 (4, 1): 0.03215434083601289,
 (4, 3): 0.0,
 (4, 4): 0.0,
 (4, 5): 0.0,
 (5, 1): 0.11897106109324762,
 (5, 3): 0.0,
 (5, 5): 0.0,
 (6, 1): 0.2604501607717042,
 (6, 3): 0.0,
 (6, 4): 0.0,
 (6, 5): 0.0,
 (7, 1): 0.337620578778135,
 (7, 3): 0.0,
 (7, 5): 0.0,
 (8, 1): 0.25080385852090026,
 (8, 3): 0.0,
 (8, 5): 0.0,
 (9, 3): 0.0,
 (9, 5): 0.0,
 (10, 3): 0.0,
 (10, 5): 0.0,
 (11, 1): 0.0,
 (11, 3): 0.0,
 (11, 5): 0.0,
 (12, 1): 0.0,
 (12, 3): 0.0,
 (12, 5): 0.0,
 (13, 1): 0.0,
 (13, 3): 0.0,
 (13, 4): 0.0,
 (13, 5): 0.0,
 (14, 1): 0.0,
 (14, 3): 0.0,
 (14, 5): 0.0,
 (15, 1): 0.0,
 (15, 3): 0.0,
 (15, 4): 0.0,
 (15, 5): 0.0,
 (16, 1): 0.0,
 (16, 3): 0.0,
 (16, 5): 0.0,
 (17, 1): 0.0,
 (17, 3): 0.0,
 (17, 5): 0.0,
 (18, 1): 0.0,
 (18, 2): 0.0,
 (18, 3): 0.0,
 (18, 4): 0.0,
 (18, 5): 0.0}
The Blue team has captured all but 2 of the opponents' dots.
